4
35
50
6
9
10
46
22
1
23
59
1
5
31
55
7
22
5
25
58
48
53
55
19
2
35
59
58
53
43
59
34
31
27
18
29
32
43
41
23
24
10
17
26
22
57
51
8
40
43
60
41
57
25
15
57
62
49
55
18
47
41
51
24
53
52
41
16
18
20
23
24
61
37
53
3
1
20
7
5
25
52
35
40
38
14
57
41
48
2
5
24
10
26
59
34
61
23
61
31
50
27
8
25
7
16
14
0
47
61
59
41
24
11
48
13
15
35
26
41
31
17
52
55
6
36
8
52
2
35
8
39
16
32
42
50
24
48
23
6
34
17
53
8
54
37
49
44
23
50
51
27
47
4
11
48
36
31
21
11
31
39
7
63
37
41
10
18
35
58
23
60
61
60
12
28
51
34
50
27
10
50
37
13
20
0
11
28
59
4
0
56
48
42
2
35
61
0
50
35
21
46
12
38
56
20
57
33
35
25
26
38
44
22
55
62
41
26
59
3
2
28
46
45
61
51
3
30
11
59
52
30
5
30
3
44
52
15
38
21
32
13
2
13
47
56
13
63
31
36
42
51
35
56
5
53
51
47
33
5
7
42
0
2
20
28
56
55
27
7
45
28
35
19
25
26
51
46
26
41
18
37
18
57
42
36
4
6
9
43
41
1
29
54
56
60
61
50
31
61
31
44
41
59
38
22
17
17
34
30
16
39
53
27
9
14
10
32
45
49
48
40
48
52
0
1
26
15
58
31
34
56
20
55
50
38
54
8
10
33
38
53
58
0
52
60
6
25
56
50
45
16
55
54
63
9
42
59
25
46
35
30
56
35
38
24
50
7
39
48
37
44
14
13
57
5
20
24
19
13
31
9
38
0
1
54
59
42
3
21
49
1
48
41
18
22
33
37
18
15
20
45
28
34
47
44
62
49
36
26
12
52
7
10
4
39
32
52
13
39
3
44
48
52
46
47
54
38
53
49
2
34
8
45
19
32
0
12
14
44
33
27
56
42
10
36
4
18
48
59
11
31
44
37
45
58
41
44
54
47
19
12
35
15
11
19
16
52
36
12
6
14
27
6
3
38
54
57
17
19
36
44
30
19
62
1
53
62
8
45
20
22
19
15
29
44
23
27
29
16
2
3
2
33
21
31
26
58
51
7
42
27
