4
51
18
47
3
14
8
26
35
60
8
8
56
60
5
48
7
55
14
50
21
52
12
29
28
40
56
58
63
13
53
4
7
53
23
22
21
56
51
55
3
38
58
3
27
13
0
63
48
1
57
22
56
23
1
44
14
5
49
53
42
29
16
21
55
12
33
32
60
32
24
5
38
27
19
24
53
51
6
22
36
37
45
33
59
7
13
39
12
59
52
23
51
55
22
21
17
48
36
35
57
45
34
29
6
24
0
59
20
48
34
9
33
24
10
37
41
19
22
19
44
0
9
60
4
53
16
58
43
60
43
61
24
57
59
23
29
34
8
12
28
63
15
45
45
20
22
34
44
8
51
29
23
5
41
20
14
33
14
17
29
37
25
53
55
53
11
5
6
51
10
60
56
35
39
26
21
50
50
58
39
24
17
25
62
22
23
62
41
3
0
63
11
3
18
54
51
51
31
15
28
42
27
30
33
22
41
15
11
44
57
16
62
51
51
55
15
23
60
27
6
11
57
34
19
44
35
35
24
20
14
63
7
57
30
2
7
60
22
49
63
6
45
11
23
48
23
30
4
30
58
21
47
34
4
53
15
59
25
8
17
51
54
15
36
50
39
9
3
30
5
36
53
8
38
59
47
30
45
51
32
51
37
1
51
10
37
44
30
21
28
57
43
29
13
46
4
19
24
5
41
63
59
56
1
54
5
21
17
27
48
30
54
28
